filename,duration,start_frame,end_frame,removed_frames,total_frames
ha_0,7340,54,709,79,734
ha_1,7610,81,717,125,761
ha_2,8590,101,820,140,859
ha_3,8580,72,820,110,858
ha_4,8730,60,828,105,873
ha_5,8370,56,812,81,837
ha_6,7790,81,731,129,779
ha_7,7760,89,730,135,776
ha_8,7200,67,686,101,720
ha_9,8930,204,854,243,893
am_0,14140,88,1388,114,1414
am_1,13330,86,1294,125,1333
am_2,19380,84,1914,108,1938
am_3,17560,87,1728,115,1756
kh_0,18700,90,1828,132,1870
kh_1,15360,130,1508,158,1536
kh_2,19410,77,1893,125,1941
ma_0,18720,74,1791,155,1872
ma_1,13850,72,1269,188,1385
ma_2,30440,70,2997,117,3044
pa_0,9830,314,961,336,983
pa_1,7030,77,643,137,703
pa_2,7620,83,723,122,762
pa_3,7400,62,709,93,740
pa_4,8630,72,834,101,863
pa_5,8510,59,811,99,851
pa_6,7360,93,710,119,736
pa_7,7060,66,683,89,706
pa_8,6880,50,588,150,688
pa_9,9680,72,936,104,968
pu_0,7660,76,734,108,766
pu_1,8270,74,790,111,827
pu_2,8260,58,702,182,826
pu_3,9040,66,869,101,904
pu_4,5940,68,557,105,594
pu_5,13890,70,1360,99,1389
pu_6,14410,80,1410,111,1441
pu_7,8600,68,833,95,860
se_0,16950,67,1654,108,1695
se_1,14280,62,1368,122,1428
se_2,13970,62,1370,89,1397
